
백준 문제 목록.

1. 입출력 - CLEAR
2557, 1000, 2558, 10950, 10951, 10952, 10953, 11021, 11022, 11718, 11719, 11720, 11721, 2741, 2742, 2739, 1924, 8393, 
10818, 2438, 2439, 2440, 2441, 2442, 2445, 2522, 2446, 10991, 10992 //

2. DP - CLEAR
1463,  11726, 11727, 9095, 10844, 11057, 2193, 9465, 2156, 11053, 11055, 11722, 11054, 1912, 2579, 1699, 2133, 9461, 2225, 2011, 11052

3. 연습 - 1문제(1168번)
2751, 11650, 11651, 10814,  10825, 10989,  11652, 11004, 10828, 9012, 10799,  10845, 10866, 10808, 10809, 10820, 2743, 11655, 10824, 11656,
1406, 1158, (1168), 10430, 2609, 1934, 1850,  9613, 11005, 2745, 1373, 1212, 2089, 11576, 10872, 1978, 1929, 6588, 11653,  1676, 2004 //

4. 그래프 - CLEAR
1260, 11724, 1707, 10451, 2331, 9466, 2667, 4963, 7576, 2178, 2146, 1991, 11725, 1167//

<<<<<<< Updated upstream
5. 이분탐색/삼분탐색 - CLEAR
1654, 2805, 2110, 10815, 10816, 11662//
=======
5. 이분탐색/삼분탐색 - 1문제
1654, 2805, 2110, 10815, 10816, // 11662
>>>>>>> Stashed changes
  
6. 분할정복 - 2문제(1517번, 2261번)
2447, 2448, 11728, 1780,11729, 1992,// 1517, 2261

7. 그리디 - 2문제(2873번, 10165번)
*그리디 기존 문제 대부분 풀었던 문제라 다시 구성.
10162, 2720, 1541, 13305, 1339, 2828, 1744, 1700, // 2873, 10165

8. 완전탐색 - CLEAR
1476, 1107, 1451, 9095, 10971, 1697, 1963, 9019, 1525, 2251, 2186, 3108, 5014, 1759, 2580, 1987, 6603, 1182, 2003, 1806, 1644, 1261, 1208, 7453, 2632, 2143//
